spawns:
  default:
    world: 8cddc2d8-6cc0-4564-b2fd-f2fc7646369c
    world-name: world
    x: -174.46898009457155
    y: 69.0
    z: -281.6831549651827
    yaw: -177.1820068359375
    pitch: 35.079078674316406
