spawns:
  default:
    world: 8cddc2d8-6cc0-4564-b2fd-f2fc7646369c
    world-name: world
    x: 72.50154564111105
    y: 63.0
    z: -50.59237713876465
    yaw: 178.79638671875
    pitch: 52.64995574951172
