spawns:
  default:
    world: 8cddc2d8-6cc0-4564-b2fd-f2fc7646369c
    world-name: world
    x: -192.67083918216915
    y: 63.0
    z: -301.4942791335537
    yaw: -178.83160400390625
    pitch: 2.8290765285491943
